0.054422922529595186
0.03699551665480793
0.06039200385961945
0.006552885923981311
0.025935401432800764
0.023433096104669638
0.047026350752244796
0.015061642402352395
0.08680453071432968
0.05231812103833014
0.07412518562014903
0.006403143822699731
0.07582302462868173
0.05910995829313176
0.030126765951571235
0.0031011751469749993
0.08655272369789457
0.047274908866546686
0.07188239240658031
0.08788128002554818
0.039496340400074395
0.08009087709852283
0.0935586721704521
0.08788666603380417
0.01359688602006689




